    unsorted:	 349.6883650 350.8450966 347.8361192 343.1655960 335.0399880 360.8252654 405.4281026 479.2498167 485.3707440 465.1963562 512.9447663 530.8466308 552.1703639 562.8432593 581.4220039 298.5993116 632.1456889 677.5200349 737.0877252 799.4522165 784.4339961 826.8225666 867.4018629 0.4124072273 1.317497444 2.486855102 5.797479965 11.39071578 27.46331397 27.92769230 21.82032276 63.82082392 99.55613646 131.6676090 947.4677940 993.4638254 1113.168899 1198.773222 1264.847460 1413.289396 1453.835719 1707.067634 1759.041381 1891.563253 2157.515288 2536.682009 2759.423515 2687.993925 2798.261805 3001.213380 3028.011849 3150.687230 3214.191216 3258.000644 3315.904378 3348.317754 3494.969213 3536.278717 3661.683795 3771.118684 3937.510381 4038.427637 4130.125264 4234.500954 4394.036803 4639.862705 4958.250683 5035.470040 5444.221344 5644.112580 6047.526239 6319.970364 6675.214204 6809.625790 7456.479035 7732.956488 8499.221486 9240.953384 12636.22515 16665.68433 19972.28893 27091.49727 33291.40493 34807.89141 39317.09426 66632.18520 87658.79640 156095.9171 37287335.73
      sorted:	 0.4124072273 1.317497444 2.486855102 5.797479965 11.39071578 21.82032276 27.46331397 27.92769230 63.82082392 99.55613646 131.6676090 298.5993116 335.0399880 343.1655960 347.8361192 349.6883650 350.8450966 360.8252654 405.4281026 465.1963562 479.2498167 485.3707440 512.9447663 530.8466308 552.1703639 562.8432593 581.4220039 632.1456889 677.5200349 737.0877252 784.4339961 799.4522165 826.8225666 867.4018629 947.4677940 993.4638254 1113.168899 1198.773222 1264.847460 1413.289396 1453.835719 1707.067634 1759.041381 1891.563253 2157.515288 2536.682009 2687.993925 2759.423515 2798.261805 3001.213380 3028.011849 3150.687230 3214.191216 3258.000644 3315.904378 3348.317754 3494.969213 3536.278717 3661.683795 3771.118684 3937.510381 4038.427637 4130.125264 4234.500954 4394.036803 4639.862705 4958.250683 5035.470040 5444.221344 5644.112580 6047.526239 6319.970364 6675.214204 6809.625790 7456.479035 7732.956488 8499.221486 9240.953384 12636.22515 16665.68433 19972.28893 27091.49727 33291.40493 34807.89141 39317.09426 66632.18520 87658.79640 156095.9171 37287335.73
