    unsorted:	 349.6883650 350.3669225 350.2703765 350.4261066 350.1681810 349.9221539 348.5449503 351.9947428 344.7044994 337.1735142 0.05828292611 0.05485920916 0.07441060227 0.02218034805 0.4206395366 0.5222028675 0.8529325752 5.512478481 9.242886056 408.1286178 25.23911223 42.38772106 69.15986927 63.61817089 459.9398623 503.5787774 505.6894223 535.9262891 248.2284612 191.4151523 569.2219738 591.0872533 622.1131690 612.8364482 658.7172681 689.8653858 734.9752115 794.8131192 799.4188674 886.1403822 1001.406821 1059.905002 1180.723663 1311.007159 1406.385915 1433.028730 1612.702690 1714.215146 1837.467714 1890.591291 2049.584112 2176.362887 2542.797680 2863.377490 3023.464418 3211.162693 3221.678113 3321.684601 3366.791299 3539.360179 3558.183854 3712.809182 3880.122015 3895.082012 4010.013180 4253.271799 4436.072647 4675.799459 4817.728814 5025.332720 5616.255573 5804.300289 6002.548671 6404.959298 6631.595216 7354.541066 7837.930287 8025.339242 8735.328010 9166.967676 10622.69811 11307.36223 12154.66334 17748.49752 20137.55340 22391.52211 24404.37517 33296.64417 34439.02943 42158.41007 81894.06936 99000.95812 761892.8801 31344364.54
      sorted:	 0.02218034805 0.05485920916 0.05828292611 0.07441060227 0.4206395366 0.5222028675 0.8529325752 5.512478481 9.242886056 25.23911223 42.38772106 63.61817089 69.15986927 191.4151523 248.2284612 337.1735142 344.7044994 348.5449503 349.6883650 349.9221539 350.1681810 350.2703765 350.3669225 350.4261066 351.9947428 408.1286178 459.9398623 503.5787774 505.6894223 535.9262891 569.2219738 591.0872533 612.8364482 622.1131690 658.7172681 689.8653858 734.9752115 794.8131192 799.4188674 886.1403822 1001.406821 1059.905002 1180.723663 1311.007159 1406.385915 1433.028730 1612.702690 1714.215146 1837.467714 1890.591291 2049.584112 2176.362887 2542.797680 2863.377490 3023.464418 3211.162693 3221.678113 3321.684601 3366.791299 3539.360179 3558.183854 3712.809182 3880.122015 3895.082012 4010.013180 4253.271799 4436.072647 4675.799459 4817.728814 5025.332720 5616.255573 5804.300289 6002.548671 6404.959298 6631.595216 7354.541066 7837.930287 8025.339242 8735.328010 9166.967676 10622.69811 11307.36223 12154.66334 17748.49752 20137.55340 22391.52211 24404.37517 33296.64417 34439.02943 42158.41007 81894.06936 99000.95812 761892.8801 31344364.54
