    unsorted:	 349.6883650 350.5713061 350.5467709 350.4662786 350.3514679 350.2756423 350.2286947 350.1250650 350.0424317 349.9701766 350.7574617 349.3287192 346.9380440 341.7335861 332.8776741 415.8230753 281.7488403 461.1384019 515.0706744 532.7292444 545.4714345 602.5302973 619.1141155 180.8021680 709.2222191 725.6037832 776.9605877 806.4209705 106.9320122 83.24290596 62.44412080 16.16698968 5.063807498 6.426742047 0.3282060316 912.1249812 1103.500367 1188.656583 1264.260424 1418.493805 1443.663969 1673.484457 1781.304415 1907.149396 1868.554286 1994.679441 2291.957394 2354.647352 2520.795901 2746.840148 2843.634633 3471.949410 3381.844212 3510.771081 3754.060797 3942.105126 4049.315552 4174.839185 4299.050998 4370.978431 4671.596782 4706.556716 4831.079395 5088.058120 5061.358660 5473.389614 5551.618940 5648.472768 6273.141828 6326.631699 6581.677378 6712.921606 7594.011114 7821.292101 8526.943502 8814.568568 9354.193873 9876.628345 10062.13240 10277.46663 10533.41162 11156.02902 11376.89384 11782.67349 12221.72419 13654.67675 18866.84335 26186.62272 28497.11787 38054.02135 57709.45981 73970.06650 92014.58234 129586.7953 232201.8392 614591.9445 924098.5014
      sorted:	 0.3282060316 5.063807498 6.426742047 16.16698968 62.44412080 83.24290596 106.9320122 180.8021680 281.7488403 332.8776741 341.7335861 346.9380440 349.3287192 349.6883650 349.9701766 350.0424317 350.1250650 350.2286947 350.2756423 350.3514679 350.4662786 350.5467709 350.5713061 350.7574617 415.8230753 461.1384019 515.0706744 532.7292444 545.4714345 602.5302973 619.1141155 709.2222191 725.6037832 776.9605877 806.4209705 912.1249812 1103.500367 1188.656583 1264.260424 1418.493805 1443.663969 1673.484457 1781.304415 1868.554286 1907.149396 1994.679441 2291.957394 2354.647352 2520.795901 2746.840148 2843.634633 3381.844212 3471.949410 3510.771081 3754.060797 3942.105126 4049.315552 4174.839185 4299.050998 4370.978431 4671.596782 4706.556716 4831.079395 5061.358660 5088.058120 5473.389614 5551.618940 5648.472768 6273.141828 6326.631699 6581.677378 6712.921606 7594.011114 7821.292101 8526.943502 8814.568568 9354.193873 9876.628345 10062.13240 10277.46663 10533.41162 11156.02902 11376.89384 11782.67349 12221.72419 13654.67675 18866.84335 26186.62272 28497.11787 38054.02135 57709.45981 73970.06650 92014.58234 129586.7953 232201.8392 614591.9445 924098.5014
