    unsorted:	 171.3472991 172.1461838 172.2035641 172.2461387 172.0386105 171.9555339 171.8766800 171.7958786 171.7258623 171.3478593 172.7351804 170.0894720 167.4594908 180.0791294 162.1000653 151.9870129 144.5479161 -9.101781481e-07 0.09644910716 0.08567880920 0.1062231747 0.1316953004 2.167190773 40.76553326 40.49149219 15.57638615 266.7430884 272.3781983 273.2145855 314.5297872 350.6627874 363.9388039 378.7930512 415.2167517 430.4168447 477.3746581 501.6459342 554.5785651 658.1988117 777.5636967 879.9478702 1007.056030 1077.809837 1204.273304 1500.332466 1611.763141 1706.975978 1741.767980 1939.592732 1958.973776 2509.034185 2535.113892 2670.227912 3027.632931 3405.500579 3925.011351 3958.454343 3979.759409 3650.162624 4208.813807 4643.409588 4707.300706 4904.926970 4935.898308 5167.013949 5590.021882 5533.519175 5926.002996 6186.645401 6278.404814 6394.336291 7035.193622 6979.891822 7325.887068 7925.055232 8269.057684 8818.851697 9149.521393 9751.935837 10176.37381 10760.58607 10944.49622 11644.63328 12114.84797 12937.22658 14531.27954 22491.10384 26166.50375 24947.37528 29308.11090 33251.90002 37977.78693 89862.08372 108145.0493 153675.7700
      sorted:	 -9.101781481e-07 0.08567880920 0.09644910716 0.1062231747 0.1316953004 2.167190773 15.57638615 40.49149219 40.76553326 144.5479161 151.9870129 162.1000653 167.4594908 170.0894720 171.3472991 171.3478593 171.7258623 171.7958786 171.8766800 171.9555339 172.0386105 172.1461838 172.2035641 172.2461387 172.7351804 180.0791294 266.7430884 272.3781983 273.2145855 314.5297872 350.6627874 363.9388039 378.7930512 415.2167517 430.4168447 477.3746581 501.6459342 554.5785651 658.1988117 777.5636967 879.9478702 1007.056030 1077.809837 1204.273304 1500.332466 1611.763141 1706.975978 1741.767980 1939.592732 1958.973776 2509.034185 2535.113892 2670.227912 3027.632931 3405.500579 3650.162624 3925.011351 3958.454343 3979.759409 4208.813807 4643.409588 4707.300706 4904.926970 4935.898308 5167.013949 5533.519175 5590.021882 5926.002996 6186.645401 6278.404814 6394.336291 6979.891822 7035.193622 7325.887068 7925.055232 8269.057684 8818.851697 9149.521393 9751.935837 10176.37381 10760.58607 10944.49622 11644.63328 12114.84797 12937.22658 14531.27954 22491.10384 24947.37528 26166.50375 29308.11090 33251.90002 37977.78693 89862.08372 108145.0493 153675.7700
