    unsorted:	 171.3472991 171.8460939 171.8840677 171.9077936 171.7750761 171.7359371 171.6749477 171.6185876 171.5729913 172.1367941 171.3872841 170.5569698 168.7804886 165.1626932 158.8032625 187.8569155 0.08964790901 0.1037556903 0.07619163962 0.1255706220 0.04163029869 3.062583429 124.0701743 240.0966509 248.6856583 256.7207082 12.43941993 69.16671246 33.56507518 292.3220179 326.5044948 354.8293452 402.7586909 458.8513449 446.6669382 480.9074203 529.8076291 585.8155499 631.6877582 802.8539493 918.0966524 1023.297895 1186.142734 1291.559105 1589.953828 1649.251464 1720.789089 1811.191603 2126.038689 2234.014562 2677.735823 2836.546144 3086.866645 3180.405501 3691.428841 3852.125020 3966.105465 4033.281280 4102.455558 4472.904260 4856.234743 4734.894275 5002.239376 5127.577217 5328.911775 5748.673563 5827.344383 6144.301352 6420.612335 6520.646489 6644.474138 6966.614796 7585.009609 7771.349488 8439.408523 8691.324562 9685.460715 9845.819399 10487.51283 10678.92134 11143.05836 11614.35631 12548.25076 12934.60005 14307.08478 17644.11415 23997.77888 26176.32846 25674.15045 27397.29533 37101.76615 70634.80535 104688.9007 137050.9158 212614.6222
      sorted:	 0.04163029869 0.07619163962 0.08964790901 0.1037556903 0.1255706220 3.062583429 12.43941993 33.56507518 69.16671246 124.0701743 158.8032625 165.1626932 168.7804886 170.5569698 171.3472991 171.3872841 171.5729913 171.6185876 171.6749477 171.7359371 171.7750761 171.8460939 171.8840677 171.9077936 172.1367941 187.8569155 240.0966509 248.6856583 256.7207082 292.3220179 326.5044948 354.8293452 402.7586909 446.6669382 458.8513449 480.9074203 529.8076291 585.8155499 631.6877582 802.8539493 918.0966524 1023.297895 1186.142734 1291.559105 1589.953828 1649.251464 1720.789089 1811.191603 2126.038689 2234.014562 2677.735823 2836.546144 3086.866645 3180.405501 3691.428841 3852.125020 3966.105465 4033.281280 4102.455558 4472.904260 4734.894275 4856.234743 5002.239376 5127.577217 5328.911775 5748.673563 5827.344383 6144.301352 6420.612335 6520.646489 6644.474138 6966.614796 7585.009609 7771.349488 8439.408523 8691.324562 9685.460715 9845.819399 10487.51283 10678.92134 11143.05836 11614.35631 12548.25076 12934.60005 14307.08478 17644.11415 23997.77888 25674.15045 26176.32846 27397.29533 37101.76615 70634.80535 104688.9007 137050.9158 212614.6222
