    unsorted:	 171.3472991 171.8243883 171.8385580 171.7930112 171.7687782 171.7258142 171.6834679 171.6401438 171.3203408 172.6327837 170.6743439 169.6692591 168.2933623 167.0745050 161.2601651 180.8162372 0.1315160256 0.1029010602 1.987873258e-06 0.2532277809 0.9172945176 1.053381780 127.2463447 9.749665039 26.44332768 15.52969262 35.44889002 79.54934083 254.9028448 277.4500956 294.4896738 323.5016315 357.7680475 387.5949320 407.1922096 418.1646354 467.8932246 480.2396287 530.3493203 611.2684955 646.7863199 795.9129141 882.9122203 941.7703071 1054.954289 1207.428824 1373.433620 1540.409348 1589.290846 1695.280051 1736.477435 1952.211859 1965.796007 2336.364236 2527.630631 2705.441913 3004.139784 3459.499593 3662.277234 3969.703017 4030.801149 4087.634316 4307.377679 4753.271590 4911.288517 5056.435126 5399.441445 5737.190987 5803.490025 5840.180163 6047.024995 6302.431244 6436.410345 6726.225168 6916.072165 7148.280614 7495.194486 8168.653563 8766.751996 8898.186651 9755.756718 10287.68155 10960.21712 10789.57656 11093.84985 12174.84757 12761.72346 14006.02371 18932.17261 21496.49505 24317.87253 26167.90206 25996.90581 33386.47444 38591.39076 50597.06005 89618.09124 153288.8921 189164.1912
      sorted:	 1.987873258e-06 0.1029010602 0.1315160256 0.2532277809 0.9172945176 1.053381780 9.749665039 15.52969262 26.44332768 35.44889002 79.54934083 127.2463447 161.2601651 167.0745050 168.2933623 169.6692591 170.6743439 171.3203408 171.3472991 171.6401438 171.6834679 171.7258142 171.7687782 171.7930112 171.8243883 171.8385580 172.6327837 180.8162372 254.9028448 277.4500956 294.4896738 323.5016315 357.7680475 387.5949320 407.1922096 418.1646354 467.8932246 480.2396287 530.3493203 611.2684955 646.7863199 795.9129141 882.9122203 941.7703071 1054.954289 1207.428824 1373.433620 1540.409348 1589.290846 1695.280051 1736.477435 1952.211859 1965.796007 2336.364236 2527.630631 2705.441913 3004.139784 3459.499593 3662.277234 3969.703017 4030.801149 4087.634316 4307.377679 4753.271590 4911.288517 5056.435126 5399.441445 5737.190987 5803.490025 5840.180163 6047.024995 6302.431244 6436.410345 6726.225168 6916.072165 7148.280614 7495.194486 8168.653563 8766.751996 8898.186651 9755.756718 10287.68155 10789.57656 10960.21712 11093.84985 12174.84757 12761.72346 14006.02371 18932.17261 21496.49505 24317.87253 25996.90581 26167.90206 33386.47444 38591.39076 50597.06005 89618.09124 153288.8921 189164.1912
