    unsorted:	 171.3472991 172.0209270 171.9601968 171.8955318 172.0803319 171.8267452 171.7451648 171.6774890 172.1429973 171.3575788 172.5524516 170.0352833 166.9078614 177.3116472 159.9006415 145.0289251 144.1560136 0.09481602683 0.1031456241 0.08558198627 0.1315693837 1.388265111e-05 1.406600526 263.0608856 270.5803433 31.62092311 42.78920926 15.59407640 297.8289196 322.7513293 360.1828670 393.7824768 412.9047038 422.0685927 471.4440222 481.3795603 533.0140689 625.3439496 718.5323517 795.0514533 888.1187828 961.8482184 1113.799488 1239.233353 1547.561527 1632.419615 1688.410100 1729.373478 1951.308230 1971.902614 2409.400357 2523.447031 2680.327166 3045.253211 3370.463465 3637.206793 3943.591451 3964.945070 4020.191085 4103.757144 4601.100705 4756.586905 4898.356723 4992.452799 5214.216430 5571.155802 5658.218068 5959.075534 6260.260969 6357.705136 6485.202304 6940.977267 7028.230247 7380.570917 8004.041098 8365.753390 8849.727834 9250.002703 9867.477855 10297.58445 10836.99606 11187.99476 11713.20725 12215.14009 12877.87266 14370.58009 22441.29813 25602.60323 26169.34836 29232.51853 33298.99804 38744.89517 89504.96194 107420.7374 153546.0854
      sorted:	 1.388265111e-05 0.08558198627 0.09481602683 0.1031456241 0.1315693837 1.406600526 15.59407640 31.62092311 42.78920926 144.1560136 145.0289251 159.9006415 166.9078614 170.0352833 171.3472991 171.3575788 171.6774890 171.7451648 171.8267452 171.8955318 171.9601968 172.0209270 172.0803319 172.1429973 172.5524516 177.3116472 263.0608856 270.5803433 297.8289196 322.7513293 360.1828670 393.7824768 412.9047038 422.0685927 471.4440222 481.3795603 533.0140689 625.3439496 718.5323517 795.0514533 888.1187828 961.8482184 1113.799488 1239.233353 1547.561527 1632.419615 1688.410100 1729.373478 1951.308230 1971.902614 2409.400357 2523.447031 2680.327166 3045.253211 3370.463465 3637.206793 3943.591451 3964.945070 4020.191085 4103.757144 4601.100705 4756.586905 4898.356723 4992.452799 5214.216430 5571.155802 5658.218068 5959.075534 6260.260969 6357.705136 6485.202304 6940.977267 7028.230247 7380.570917 8004.041098 8365.753390 8849.727834 9250.002703 9867.477855 10297.58445 10836.99606 11187.99476 11713.20725 12215.14009 12877.87266 14370.58009 22441.29813 25602.60323 26169.34836 29232.51853 33298.99804 38744.89517 89504.96194 107420.7374 153546.0854
