    unsorted:	 171.3472991 171.9185691 171.9014804 171.8609008 171.8460808 171.7853930 171.7550263 171.7298172 171.3831997 172.8841840 170.6179400 169.3172849 167.3719351 165.4486809 159.1400131 190.6981942 128.3354489 2.546655520e-07 0.1537544076 0.2457582166 -0.1035350922 0.9382308940 11.44766505 33.39192538 32.54104111 15.50666690 82.39647901 308.7867869 353.5181814 359.1366908 401.2937802 408.3329729 416.8600670 455.6744360 462.8772694 522.1028614 577.2276200 645.9621927 672.7288071 804.6939925 878.5049376 913.4006512 941.4394570 1069.848329 1224.297478 1387.764572 1542.500181 1567.578167 1708.928746 1748.948004 1942.879253 1923.366158 2243.712336 2517.460177 2683.395881 2958.611526 3416.589320 3638.620203 3893.969736 3967.144273 4013.012830 4125.116765 4241.427749 4701.036845 4826.683860 4908.952272 5339.335007 5781.985457 5775.897338 5663.846085 6020.549502 6261.837196 6286.014925 6730.235179 7161.851457 7184.448534 7261.332590 7510.278098 -2754.404710 8123.801300 8736.937819 8925.521646 9800.452623 10334.77329 10826.99921 11029.10864 11335.04435 12239.43778 12755.84106 19097.00309 21286.64061 24014.47694 26161.86025 31839.08188 33381.71991 39457.54030 50351.12022 89558.14340 153288.4970 187928.1645
      sorted:	 -2754.404710 -0.1035350922 2.546655520e-07 0.1537544076 0.2457582166 0.9382308940 11.44766505 15.50666690 32.54104111 33.39192538 82.39647901 128.3354489 159.1400131 165.4486809 167.3719351 169.3172849 170.6179400 171.3472991 171.3831997 171.7298172 171.7550263 171.7853930 171.8460808 171.8609008 171.9014804 171.9185691 172.8841840 190.6981942 308.7867869 353.5181814 359.1366908 401.2937802 408.3329729 416.8600670 455.6744360 462.8772694 522.1028614 577.2276200 645.9621927 672.7288071 804.6939925 878.5049376 913.4006512 941.4394570 1069.848329 1224.297478 1387.764572 1542.500181 1567.578167 1708.928746 1748.948004 1923.366158 1942.879253 2243.712336 2517.460177 2683.395881 2958.611526 3416.589320 3638.620203 3893.969736 3967.144273 4013.012830 4125.116765 4241.427749 4701.036845 4826.683860 4908.952272 5339.335007 5663.846085 5775.897338 5781.985457 6020.549502 6261.837196 6286.014925 6730.235179 7161.851457 7184.448534 7261.332590 7510.278098 8123.801300 8736.937819 8925.521646 9800.452623 10334.77329 10826.99921 11029.10864 11335.04435 12239.43778 12755.84106 19097.00309 21286.64061 24014.47694 26161.86025 31839.08188 33381.71991 39457.54030 50351.12022 89558.14340 153288.4970 187928.1645
