    unsorted:	 171.3472991 172.2495297 172.2068034 172.1488942 172.0412852 171.9587702 171.8790850 171.7974918 171.7270061 171.3509730 172.7391450 170.0779051 167.4182413 180.2048407 162.0203650 151.8474293 143.6261937 0.001647239632 0.1316125918 0.1199510143 0.09598941026 0.1067860690 2.168678357 40.78984847 40.50139973 15.58782367 272.3485117 266.7801344 271.7973666 314.5155050 350.5724920 364.4275810 379.4741367 410.0137119 431.1777467 477.7882784 501.8697921 554.6619998 658.2814927 777.6139095 880.6450665 1007.168152 1078.142360 1204.175708 1500.259797 1611.203298 1703.587723 1738.213123 1940.139453 2509.404084 2532.862645 2644.744676 3026.927471 3379.035607 3507.292029 3669.870929 4011.193392 3949.515426 3902.947665 4184.824850 4673.247085 4814.838977 4917.504979 4987.022867 5228.558604 5574.592987 5767.205222 6033.873471 6303.484844 6381.213297 6580.835680 7037.304773 7296.470567 7652.286245 8252.200853 8689.979304 9561.837092 9810.634699 10602.91983 10943.44673 11432.50580 12547.49712 12642.64555 13548.81273 14647.52729 15048.89066 22403.50973 26162.70126 24983.96564 29191.44852 33300.79165 37979.66904 107183.4869 152525.2200 153364.6300
      sorted:	 0.001647239632 0.09598941026 0.1067860690 0.1199510143 0.1316125918 2.168678357 15.58782367 40.50139973 40.78984847 143.6261937 151.8474293 162.0203650 167.4182413 170.0779051 171.3472991 171.3509730 171.7270061 171.7974918 171.8790850 171.9587702 172.0412852 172.1488942 172.2068034 172.2495297 172.7391450 180.2048407 266.7801344 271.7973666 272.3485117 314.5155050 350.5724920 364.4275810 379.4741367 410.0137119 431.1777467 477.7882784 501.8697921 554.6619998 658.2814927 777.6139095 880.6450665 1007.168152 1078.142360 1204.175708 1500.259797 1611.203298 1703.587723 1738.213123 1940.139453 2509.404084 2532.862645 2644.744676 3026.927471 3379.035607 3507.292029 3669.870929 3902.947665 3949.515426 4011.193392 4184.824850 4673.247085 4814.838977 4917.504979 4987.022867 5228.558604 5574.592987 5767.205222 6033.873471 6303.484844 6381.213297 6580.835680 7037.304773 7296.470567 7652.286245 8252.200853 8689.979304 9561.837092 9810.634699 10602.91983 10943.44673 11432.50580 12547.49712 12642.64555 13548.81273 14647.52729 15048.89066 22403.50973 24983.96564 26162.70126 29191.44852 33300.79165 37979.66904 107183.4869 152525.2200 153364.6300
