    unsorted:	 171.3472991 171.8800630 171.8984411 171.8370680 171.8037584 171.7621599 171.7081636 171.9633478 171.5424090 170.9255646 172.7719837 169.8231395 168.1534609 166.5606239 161.9232705 194.8957045 -1.080112882e-07 0.4741670425 0.2589466401 0.8844877098 1.055954078 14.10984662 125.1609242 9.752873091 15.60866006 36.75497143 79.97186061 312.3354740 354.1293102 358.5834013 388.3405784 412.8885719 419.7628792 455.8469819 463.4585362 515.2524563 568.1619789 645.9576044 685.6992600 798.5084832 881.4989059 915.1814110 948.5619897 1074.417009 1227.065824 1381.751313 1550.670308 1598.808960 1712.261098 1750.308567 1934.378249 1947.038458 2257.299583 2522.904837 2661.351383 2981.445765 3347.075400 3583.167412 3708.884834 3895.176532 3999.439093 4030.334550 4533.561413 4617.590470 4744.727747 4868.541402 4904.256162 5159.044427 5544.010553 5589.986145 5805.973327 5924.744142 6251.743595 6271.335542 6543.586218 6768.489325 7055.250998 7100.452012 7522.924531 7838.784130 -2989.008134 8432.148116 8876.584884 9338.426045 9804.262650 10261.83566 11027.95251 11236.31530 11816.30378 12220.20304 12958.96043 22310.89803 26166.89193 28982.87032 31514.79708 33373.59857 39034.42933 89529.07853 106301.5910 153302.1285
      sorted:	 -2989.008134 -1.080112882e-07 0.2589466401 0.4741670425 0.8844877098 1.055954078 9.752873091 14.10984662 15.60866006 36.75497143 79.97186061 125.1609242 161.9232705 166.5606239 168.1534609 169.8231395 170.9255646 171.3472991 171.5424090 171.7081636 171.7621599 171.8037584 171.8370680 171.8800630 171.8984411 171.9633478 172.7719837 194.8957045 312.3354740 354.1293102 358.5834013 388.3405784 412.8885719 419.7628792 455.8469819 463.4585362 515.2524563 568.1619789 645.9576044 685.6992600 798.5084832 881.4989059 915.1814110 948.5619897 1074.417009 1227.065824 1381.751313 1550.670308 1598.808960 1712.261098 1750.308567 1934.378249 1947.038458 2257.299583 2522.904837 2661.351383 2981.445765 3347.075400 3583.167412 3708.884834 3895.176532 3999.439093 4030.334550 4533.561413 4617.590470 4744.727747 4868.541402 4904.256162 5159.044427 5544.010553 5589.986145 5805.973327 5924.744142 6251.743595 6271.335542 6543.586218 6768.489325 7055.250998 7100.452012 7522.924531 7838.784130 8432.148116 8876.584884 9338.426045 9804.262650 10261.83566 11027.95251 11236.31530 11816.30378 12220.20304 12958.96043 22310.89803 26166.89193 28982.87032 31514.79708 33373.59857 39034.42933 89529.07853 106301.5910 153302.1285
