    unsorted:	 349.6883650 349.4100603 346.7302328 340.8477334 330.6379113 426.0795312 537.1483740 539.8045697 521.1732207 470.0508635 557.7953278 614.5875564 605.1941569 660.1927313 283.2829181 714.6769707 733.3538717 806.7470453 199.8998729 179.6689667 130.9899619 109.2938858 91.39756385 59.47217077 0.4125494962 5.981614868 5.753840248 16.67768072 839.7418449 974.0963039 1033.223913 1244.245141 1402.686255 1475.230689 1551.778630 1614.914631 1777.957725 1872.671221 1912.496717 2035.107568 2141.928136 2240.705840 2466.573644 2520.156570 2810.564443 3003.352325 3197.542035 3509.024639 3645.795856 3811.583998 3937.908304 4034.734909 4200.879208 4340.632041 4444.024878 4563.647717 4646.642620 4965.743349 5149.180207 5431.261760 5768.112263 6082.924164 6392.752554 6339.049319 7183.254109 7274.317972 7843.623599 8235.210283 9024.209886 9165.914581 9695.523605 10074.98330 10222.19230 10793.52808 11023.60991 11212.10087 12573.31695 13793.44093 22005.51410 30422.16263 33282.99041 36068.09921 46395.68461 70036.04763 78642.81478 87684.03413 102340.6530 216011.0743 37504833.14
      sorted:	 0.4125494962 5.753840248 5.981614868 16.67768072 59.47217077 91.39756385 109.2938858 130.9899619 179.6689667 199.8998729 283.2829181 330.6379113 340.8477334 346.7302328 349.4100603 349.6883650 426.0795312 470.0508635 521.1732207 537.1483740 539.8045697 557.7953278 605.1941569 614.5875564 660.1927313 714.6769707 733.3538717 806.7470453 839.7418449 974.0963039 1033.223913 1244.245141 1402.686255 1475.230689 1551.778630 1614.914631 1777.957725 1872.671221 1912.496717 2035.107568 2141.928136 2240.705840 2466.573644 2520.156570 2810.564443 3003.352325 3197.542035 3509.024639 3645.795856 3811.583998 3937.908304 4034.734909 4200.879208 4340.632041 4444.024878 4563.647717 4646.642620 4965.743349 5149.180207 5431.261760 5768.112263 6082.924164 6339.049319 6392.752554 7183.254109 7274.317972 7843.623599 8235.210283 9024.209886 9165.914581 9695.523605 10074.98330 10222.19230 10793.52808 11023.60991 11212.10087 12573.31695 13793.44093 22005.51410 30422.16263 33282.99041 36068.09921 46395.68461 70036.04763 78642.81478 87684.03413 102340.6530 216011.0743 37504833.14
