    unsorted:	 349.6883650 349.3470884 346.7394267 340.6925739 329.9497047 430.9851530 527.8024405 474.3012444 546.3008661 558.4604650 614.8006416 284.3766161 644.9364290 671.0432388 723.2813164 766.2748074 813.3833961 190.0261606 178.5397129 127.3722236 108.4553478 91.65661156 59.64994878 18.50713326 16.51710889 0.4123595628 6.163039188 914.8528854 1031.681468 1188.901865 1325.526865 1436.586381 1504.757152 1611.916734 1638.774418 1780.534575 1869.419044 1911.175978 1991.123097 2199.627446 2302.757098 2495.633806 2562.133166 2788.752932 2852.197530 3005.017771 3454.836524 3595.193511 3649.147420 3884.455825 3947.840608 4037.313408 4240.186862 4344.108806 4561.121164 4601.470062 4678.062027 5047.579020 5424.637210 5478.308824 5887.296701 6114.976531 6374.909255 6556.669914 7243.768950 7378.773551 7897.359706 8276.654593 9140.036691 9401.644992 9725.678834 10125.07182 10321.07404 10787.15737 11003.38730 11286.22705 12665.43440 13936.86641 22408.37929 33282.00872 31576.70484 40260.64506 48524.11099 70061.82012 78841.60506 87693.21305 102252.9518 215039.2627 37513332.68
      sorted:	 0.4123595628 6.163039188 16.51710889 18.50713326 59.64994878 91.65661156 108.4553478 127.3722236 178.5397129 190.0261606 284.3766161 329.9497047 340.6925739 346.7394267 349.3470884 349.6883650 430.9851530 474.3012444 527.8024405 546.3008661 558.4604650 614.8006416 644.9364290 671.0432388 723.2813164 766.2748074 813.3833961 914.8528854 1031.681468 1188.901865 1325.526865 1436.586381 1504.757152 1611.916734 1638.774418 1780.534575 1869.419044 1911.175978 1991.123097 2199.627446 2302.757098 2495.633806 2562.133166 2788.752932 2852.197530 3005.017771 3454.836524 3595.193511 3649.147420 3884.455825 3947.840608 4037.313408 4240.186862 4344.108806 4561.121164 4601.470062 4678.062027 5047.579020 5424.637210 5478.308824 5887.296701 6114.976531 6374.909255 6556.669914 7243.768950 7378.773551 7897.359706 8276.654593 9140.036691 9401.644992 9725.678834 10125.07182 10321.07404 10787.15737 11003.38730 11286.22705 12665.43440 13936.86641 22408.37929 31576.70484 33282.00872 40260.64506 48524.11099 70061.82012 78841.60506 87693.21305 102252.9518 215039.2627 37513332.68
