    unsorted:	 349.6883650 349.6377121 347.6149013 342.1634377 331.9689862 333.1606408 499.9032834 493.6365981 471.4469450 538.7968874 523.6383018 563.7720706 574.2357145 416.5950025 596.7355174 625.0648187 286.4149561 697.4348272 0.4124503552 0.05012656484 1.518037800 2.351891545 7.130136012 9.261243694 25.96917204 28.09067142 52.65466821 91.04101218 129.4743838 754.3125466 802.4275500 812.1737334 848.2261501 885.1443472 929.7293614 971.4779611 1097.823757 1057.471250 1241.921055 1353.073270 1419.999421 1669.261818 1752.122597 1878.623779 2104.942824 2353.100755 2768.203025 2797.682456 2616.864068 2931.319326 2989.931738 3121.342907 3171.806096 3187.602361 3283.419462 3308.099354 3411.835098 3496.770043 3594.196585 3694.164531 3811.344224 3871.228912 4102.086751 4115.527372 4300.161010 4401.598065 4837.109761 4795.179023 5299.152066 5518.673741 5973.170630 6106.909421 6214.251484 6381.121522 6869.115583 6957.888901 7450.521840 8254.129982 12901.34046 17009.11247 20348.60736 27327.57855 33287.92225 34212.91205 39305.94027 68152.15825 87604.69940 168209.9085 37208543.35
      sorted:	 0.05012656484 0.4124503552 1.518037800 2.351891545 7.130136012 9.261243694 25.96917204 28.09067142 52.65466821 91.04101218 129.4743838 286.4149561 331.9689862 333.1606408 342.1634377 347.6149013 349.6377121 349.6883650 416.5950025 471.4469450 493.6365981 499.9032834 523.6383018 538.7968874 563.7720706 574.2357145 596.7355174 625.0648187 697.4348272 754.3125466 802.4275500 812.1737334 848.2261501 885.1443472 929.7293614 971.4779611 1057.471250 1097.823757 1241.921055 1353.073270 1419.999421 1669.261818 1752.122597 1878.623779 2104.942824 2353.100755 2616.864068 2768.203025 2797.682456 2931.319326 2989.931738 3121.342907 3171.806096 3187.602361 3283.419462 3308.099354 3411.835098 3496.770043 3594.196585 3694.164531 3811.344224 3871.228912 4102.086751 4115.527372 4300.161010 4401.598065 4795.179023 4837.109761 5299.152066 5518.673741 5973.170630 6106.909421 6214.251484 6381.121522 6869.115583 6957.888901 7450.521840 8254.129982 12901.34046 17009.11247 20348.60736 27327.57855 33287.92225 34212.91205 39305.94027 68152.15825 87604.69940 168209.9085 37208543.35
