    unsorted:	 349.6883650 350.1537465 350.1352646 350.2503505 350.0406798 349.9525260 349.8843284 350.3828463 349.7549156 350.5435626 350.6650931 350.7228252 348.0886426 343.2465006 334.3742550 383.8336296 312.0491789 411.1338268 451.6853383 507.6486195 539.4258721 556.1839778 561.6321050 616.3603212 188.8675838 150.1005981 661.6599829 107.7432209 23.05264276 21.33933102 14.37993506 10.27129138 1.188728721 764.4127556 743.5947513 824.0422747 998.4446252 1224.875819 1272.943193 1357.771420 1491.489561 1546.903558 1764.560015 1876.609792 2004.594030 2120.571320 2491.877505 2601.708944 2730.679251 2804.491380 3079.683502 3818.643006 4013.306653 4301.178028 4372.987576 4488.975832 4620.301850 4739.358015 5041.797252 5153.161566 5406.270097 5702.134604 5616.370103 6149.311029 6513.093710 6592.432117 6716.291792 7282.726178 7503.209194 8399.583710 8805.353756 9062.261988 9887.661966 11218.01702 11741.92760 11886.81955 12729.55366 13064.84107 13835.15463 14499.54882 16075.78284 17288.97311 26199.70865 37328.57756 45253.04599 81051.72757 112458.2916 171907.3769 1163676.376
      sorted:	 1.188728721 10.27129138 14.37993506 21.33933102 23.05264276 107.7432209 150.1005981 188.8675838 312.0491789 334.3742550 343.2465006 348.0886426 349.6883650 349.7549156 349.8843284 349.9525260 350.0406798 350.1352646 350.1537465 350.2503505 350.3828463 350.5435626 350.6650931 350.7228252 383.8336296 411.1338268 451.6853383 507.6486195 539.4258721 556.1839778 561.6321050 616.3603212 661.6599829 743.5947513 764.4127556 824.0422747 998.4446252 1224.875819 1272.943193 1357.771420 1491.489561 1546.903558 1764.560015 1876.609792 2004.594030 2120.571320 2491.877505 2601.708944 2730.679251 2804.491380 3079.683502 3818.643006 4013.306653 4301.178028 4372.987576 4488.975832 4620.301850 4739.358015 5041.797252 5153.161566 5406.270097 5616.370103 5702.134604 6149.311029 6513.093710 6592.432117 6716.291792 7282.726178 7503.209194 8399.583710 8805.353756 9062.261988 9887.661966 11218.01702 11741.92760 11886.81955 12729.55366 13064.84107 13835.15463 14499.54882 16075.78284 17288.97311 26199.70865 37328.57756 45253.04599 81051.72757 112458.2916 171907.3769 1163676.376
