    unsorted:	 349.6883650 350.4047317 350.4669932 350.4859525 350.3365008 350.2426442 350.1646504 350.1005385 349.9493995 350.9894199 351.2967670 348.7800390 346.1546155 340.9717786 332.5932795 409.5234806 417.3533211 422.4307237 467.7148824 530.7470434 512.4384815 544.4036905 553.4351230 565.0041340 274.6389803 604.0308082 695.8782980 144.2557910 130.0752233 115.9738988 1.675568932e-06 739.4087041 756.9850669 21.34989415 12.96605529 1.873583928 923.0745253 1014.560451 1112.032103 1202.745141 1388.540263 1414.854498 1681.659224 1720.664425 1811.004564 1896.135267 1969.260483 2063.179325 2483.951392 2522.747728 2600.425307 2759.841368 3125.020362 3530.455951 3950.732340 3983.159048 4087.289847 4191.759406 4303.887555 4557.072857 4647.639220 4735.046147 4896.306334 4985.111141 5256.508031 5413.191776 5574.362716 5725.328027 6030.811589 6365.238171 6409.779032 6842.732452 7300.520171 7516.227450 8226.853718 8661.916526 9061.265496 9339.493113 9534.737423 9858.496840 10229.70398 10394.21597 10472.62156 11609.20458 20025.44720 22102.87386 26190.10825 25708.93468 33499.56231 36735.23438 73314.12029 88870.84747 152743.4704
      sorted:	 1.675568932e-06 1.873583928 12.96605529 21.34989415 115.9738988 130.0752233 144.2557910 274.6389803 332.5932795 340.9717786 346.1546155 348.7800390 349.6883650 349.9493995 350.1005385 350.1646504 350.2426442 350.3365008 350.4047317 350.4669932 350.4859525 350.9894199 351.2967670 409.5234806 417.3533211 422.4307237 467.7148824 512.4384815 530.7470434 544.4036905 553.4351230 565.0041340 604.0308082 695.8782980 739.4087041 756.9850669 923.0745253 1014.560451 1112.032103 1202.745141 1388.540263 1414.854498 1681.659224 1720.664425 1811.004564 1896.135267 1969.260483 2063.179325 2483.951392 2522.747728 2600.425307 2759.841368 3125.020362 3530.455951 3950.732340 3983.159048 4087.289847 4191.759406 4303.887555 4557.072857 4647.639220 4735.046147 4896.306334 4985.111141 5256.508031 5413.191776 5574.362716 5725.328027 6030.811589 6365.238171 6409.779032 6842.732452 7300.520171 7516.227450 8226.853718 8661.916526 9061.265496 9339.493113 9534.737423 9858.496840 10229.70398 10394.21597 10472.62156 11609.20458 20025.44720 22102.87386 25708.93468 26190.10825 33499.56231 36735.23438 73314.12029 88870.84747 152743.4704
