    unsorted:	 349.6883650 347.4095205 350.3650375 342.3055426 333.5459203 418.5615863 536.5624890 537.8467079 509.9612730 470.2494585 554.2251936 610.5455714 595.5708309 654.2182068 711.6981252 726.6064114 274.0220016 796.4648391 833.8904642 187.7007416 153.1331064 108.9556061 91.27212932 59.14244700 5.533386606 5.786304588 4.913656944 0.4125201164 45.85619095 964.4746627 1028.545558 1231.349162 1386.011880 1448.862294 1464.674616 1554.628135 1767.671967 1867.445129 1910.086610 2016.459549 2148.591351 2219.708123 2463.536559 2494.654535 2782.412994 3005.254127 3196.571460 3512.377974 3651.340980 3816.381789 3936.678185 4035.729053 4204.839481 4346.644389 4451.329786 4572.776086 4653.451485 4968.131431 5153.502627 5442.106332 5777.499191 6096.593453 6346.656807 6406.452544 7196.459012 7290.313141 7810.501141 8248.272820 9040.911133 9155.691396 9676.864413 10094.30809 10251.80449 11160.09433 10817.69241 11066.42644 12596.71780 13575.91762 22213.11215 30678.89568 33283.07217 36333.49951 47056.30567 70319.62894 78193.90453 87680.16358 104744.4995 219928.5092 37473593.44
      sorted:	 0.4125201164 4.913656944 5.533386606 5.786304588 45.85619095 59.14244700 91.27212932 108.9556061 153.1331064 187.7007416 274.0220016 333.5459203 342.3055426 347.4095205 349.6883650 350.3650375 418.5615863 470.2494585 509.9612730 536.5624890 537.8467079 554.2251936 595.5708309 610.5455714 654.2182068 711.6981252 726.6064114 796.4648391 833.8904642 964.4746627 1028.545558 1231.349162 1386.011880 1448.862294 1464.674616 1554.628135 1767.671967 1867.445129 1910.086610 2016.459549 2148.591351 2219.708123 2463.536559 2494.654535 2782.412994 3005.254127 3196.571460 3512.377974 3651.340980 3816.381789 3936.678185 4035.729053 4204.839481 4346.644389 4451.329786 4572.776086 4653.451485 4968.131431 5153.502627 5442.106332 5777.499191 6096.593453 6346.656807 6406.452544 7196.459012 7290.313141 7810.501141 8248.272820 9040.911133 9155.691396 9676.864413 10094.30809 10251.80449 10817.69241 11066.42644 11160.09433 12596.71780 13575.91762 22213.11215 30678.89568 33283.07217 36333.49951 47056.30567 70319.62894 78193.90453 87680.16358 104744.4995 219928.5092 37473593.44
