    unsorted:	 171.3472991 171.5795761 171.6247417 171.5505863 171.7351233 171.9223111 172.0323734 172.1433377 172.2212365 172.3836743 172.5803536 172.8596325 173.6160963 176.1421947 181.9885183 189.8700808 0.05646489412 0.02240456747 0.3518209684 18.08791068 26.65586802 340.0219672 374.8687476 460.2325016 469.8638514 598.3686916 909.4616116 897.1260369 956.5396883 1000.964094 785.3485190 729.4144213 1025.596772 1080.389553 1105.286824 1205.292666 1287.570691 1293.691644 1368.508354 1468.087244 1625.064807 1805.103977 1887.703233 2146.763618 2194.872555 2478.526390 2637.610814 2827.399573 2875.965298 3131.112177 3186.068059 3407.561802 3543.554017 3653.794951 3900.787196 3995.834529 4134.641396 4351.712736 4585.654237 4632.184953 5610.787680 5885.424663 6132.925697 6915.411606 7502.669235 8463.539636 9373.804001 9492.085744 10538.75905 11162.51210 11940.21906 14161.57542 17680.21393 24116.83071 26168.69934 73444.15195 120710.9743 162300.7752 661660.0211
      sorted:	 0.02240456747 0.05646489412 0.3518209684 18.08791068 26.65586802 171.3472991 171.5505863 171.5795761 171.6247417 171.7351233 171.9223111 172.0323734 172.1433377 172.2212365 172.3836743 172.5803536 172.8596325 173.6160963 176.1421947 181.9885183 189.8700808 340.0219672 374.8687476 460.2325016 469.8638514 598.3686916 729.4144213 785.3485190 897.1260369 909.4616116 956.5396883 1000.964094 1025.596772 1080.389553 1105.286824 1205.292666 1287.570691 1293.691644 1368.508354 1468.087244 1625.064807 1805.103977 1887.703233 2146.763618 2194.872555 2478.526390 2637.610814 2827.399573 2875.965298 3131.112177 3186.068059 3407.561802 3543.554017 3653.794951 3900.787196 3995.834529 4134.641396 4351.712736 4585.654237 4632.184953 5610.787680 5885.424663 6132.925697 6915.411606 7502.669235 8463.539636 9373.804001 9492.085744 10538.75905 11162.51210 11940.21906 14161.57542 17680.21393 24116.83071 26168.69934 73444.15195 120710.9743 162300.7752 661660.0211
