    unsorted:	 171.3472991 173.0751240 173.0687723 172.2689424 172.2350144 172.4286546 172.6231360 172.7994906 172.0848351 173.3409039 173.3815812 174.1638572 170.8410862 169.1845815 177.5050740 -1.341906522e-06 0.01972879013 0.2236960175 0.3470781733 0.3928906407 -3.291284515 6.189015626 8.678092635 14.95663170 22.51914061 106.3013917 208.3331860 217.5097665 239.8087017 79.38158880 303.3612947 433.8043289 449.7135578 770.7168735 1132.621933 1040.511350 1754.644594 1733.475389 1706.578602 1789.020646 1817.809073 1639.265971 1618.220151 1916.245969 1249.839091 1996.278008 2067.750304 2059.366044 2135.395873 2197.203914 2286.217761 2564.048166 2679.302134 2841.301193 2986.015644 3077.279648 3131.420536 3419.603947 3527.831862 3607.737325 3700.820097 3791.191225 4442.250925 5031.801961 5122.543746 5431.348668 5442.424151 5828.076416 5739.285385 5922.348811 5994.189189 6094.929182 6222.405905 6615.456102 6781.069566 6875.581650 7175.086245 7227.025805 7614.486129 7661.426727 7855.980728 8170.915951 8617.485752 9123.524667 9439.037732 10267.01524 10443.72963 10712.73988 10871.78223 11324.37779 11647.63823 12554.25189 12867.80274 13450.85637 26205.43687 24868.76136 28979.53338 33487.94914 38106.47142 -54314.57835 93822.13440 88658.50293 107046.1720 153081.7422
      sorted:	 -54314.57835 -3.291284515 -1.341906522e-06 0.01972879013 0.2236960175 0.3470781733 0.3928906407 6.189015626 8.678092635 14.95663170 22.51914061 79.38158880 106.3013917 169.1845815 170.8410862 171.3472991 172.0848351 172.2350144 172.2689424 172.4286546 172.6231360 172.7994906 173.0687723 173.0751240 173.3409039 173.3815812 174.1638572 177.5050740 208.3331860 217.5097665 239.8087017 303.3612947 433.8043289 449.7135578 770.7168735 1040.511350 1132.621933 1249.839091 1618.220151 1639.265971 1706.578602 1733.475389 1754.644594 1789.020646 1817.809073 1916.245969 1996.278008 2059.366044 2067.750304 2135.395873 2197.203914 2286.217761 2564.048166 2679.302134 2841.301193 2986.015644 3077.279648 3131.420536 3419.603947 3527.831862 3607.737325 3700.820097 3791.191225 4442.250925 5031.801961 5122.543746 5431.348668 5442.424151 5739.285385 5828.076416 5922.348811 5994.189189 6094.929182 6222.405905 6615.456102 6781.069566 6875.581650 7175.086245 7227.025805 7614.486129 7661.426727 7855.980728 8170.915951 8617.485752 9123.524667 9439.037732 10267.01524 10443.72963 10712.73988 10871.78223 11324.37779 11647.63823 12554.25189 12867.80274 13450.85637 24868.76136 26205.43687 28979.53338 33487.94914 38106.47142 88658.50293 93822.13440 107046.1720 153081.7422
