    unsorted:	 171.3472991 172.0415490 172.1046028 172.1489063 171.9472850 171.8776914 171.7827252 171.6993412 172.2326903 171.6322931 171.3823829 170.1091395 167.3296004 161.7207630 151.4317435 190.0086122 145.2228767 210.7290490 265.3382424 270.8698973 313.3166787 7.724389988e-07 46.69574511 42.42793467 41.52210492 3.154457097 350.3718986 362.6118213 377.3606899 414.0586938 428.3559007 500.5624141 552.3048353 659.4830176 777.8917538 870.5484855 979.2397805 1000.267713 1069.168365 1164.258793 1179.052778 1222.259367 1498.657705 1633.640327 1610.814177 1679.474403 1744.991915 1936.813500 2297.409460 2484.399647 2506.241860 2560.819345 2625.118966 2844.036353 2926.177849 3076.581163 3274.897209 3495.049033 3614.129476 3607.082139 3872.216177 3990.543423 4111.140193 4304.388927 4888.104529 5254.340419 5431.326708 5815.179060 5991.032280 6289.582706 6838.934365 7926.026328 8368.388487 8735.109573 9591.417604 9695.820245 10431.15168 10753.25150 11046.08594 22567.75550 26152.31747 29216.55900 32636.61304 37613.89928 42584.59386 95909.08092 108939.4568 153766.4301
      sorted:	 7.724389988e-07 3.154457097 41.52210492 42.42793467 46.69574511 145.2228767 151.4317435 161.7207630 167.3296004 170.1091395 171.3472991 171.3823829 171.6322931 171.6993412 171.7827252 171.8776914 171.9472850 172.0415490 172.1046028 172.1489063 172.2326903 190.0086122 210.7290490 265.3382424 270.8698973 313.3166787 350.3718986 362.6118213 377.3606899 414.0586938 428.3559007 500.5624141 552.3048353 659.4830176 777.8917538 870.5484855 979.2397805 1000.267713 1069.168365 1164.258793 1179.052778 1222.259367 1498.657705 1610.814177 1633.640327 1679.474403 1744.991915 1936.813500 2297.409460 2484.399647 2506.241860 2560.819345 2625.118966 2844.036353 2926.177849 3076.581163 3274.897209 3495.049033 3607.082139 3614.129476 3872.216177 3990.543423 4111.140193 4304.388927 4888.104529 5254.340419 5431.326708 5815.179060 5991.032280 6289.582706 6838.934365 7926.026328 8368.388487 8735.109573 9591.417604 9695.820245 10431.15168 10753.25150 11046.08594 22567.75550 26152.31747 29216.55900 32636.61304 37613.89928 42584.59386 95909.08092 108939.4568 153766.4301
