    unsorted:	 171.3472991 171.3409708 171.3403730 171.3324338 171.3150522 171.2764906 171.1901188 170.9945907 170.5518143 169.5648832 167.4604621 163.3555272 176.8950895 156.5237236 146.1030325 143.0573219 141.0561990 137.6580801 135.2506254 131.8114166 126.9337289 124.8798928 119.1689390 103.8408007 99.70640611 95.34693002 89.53203400 85.91553807 80.40372623 69.70563954 236.2280234 0.02075532658 1.222085726 2.789749704 14.07221384 12.90517163 659.6130309 701.3339498 735.0659982 1022.269428 1663.205795 1714.244745 2013.441683 2266.726269 2842.859079 2884.649443 3264.614234 3519.751541 3764.806238 4213.252700 4509.490765 5049.407290 5536.297751 6096.190223 6293.241504 7565.151011 7636.690681 9034.351382 9796.546208 10289.65903 11383.04156 12080.46287 14717.71224 17677.18469 18922.68309 19827.61684 23711.66066 34370.45390 39623.89639 57508.69156 110011.6503 155143.4691 252883.3461 326587.9781 785353.4779 106141451.7
      sorted:	 0.02075532658 1.222085726 2.789749704 12.90517163 14.07221384 69.70563954 80.40372623 85.91553807 89.53203400 95.34693002 99.70640611 103.8408007 119.1689390 124.8798928 126.9337289 131.8114166 135.2506254 137.6580801 141.0561990 143.0573219 146.1030325 156.5237236 163.3555272 167.4604621 169.5648832 170.5518143 170.9945907 171.1901188 171.2764906 171.3150522 171.3324338 171.3403730 171.3409708 171.3472991 176.8950895 236.2280234 659.6130309 701.3339498 735.0659982 1022.269428 1663.205795 1714.244745 2013.441683 2266.726269 2842.859079 2884.649443 3264.614234 3519.751541 3764.806238 4213.252700 4509.490765 5049.407290 5536.297751 6096.190223 6293.241504 7565.151011 7636.690681 9034.351382 9796.546208 10289.65903 11383.04156 12080.46287 14717.71224 17677.18469 18922.68309 19827.61684 23711.66066 34370.45390 39623.89639 57508.69156 110011.6503 155143.4691 252883.3461 326587.9781 785353.4779 106141451.7
