    unsorted:	 171.3472991 171.9431356 171.8701481 172.0296959 171.7939206 172.1363191 172.1911871 172.2315438 171.7259762 171.3097075 172.7498090 170.0375483 167.4121208 179.8416194 162.0996183 152.1037602 143.5051949 -1.644020774e-06 0.1318172496 0.1205973484 0.09657112013 0.2475655937 2.061041485 209.4793065 15.63115193 40.54721506 40.64268498 78.58288774 265.6562565 271.4486451 313.5598284 349.5537399 362.9118069 382.4667220 377.5433753 413.6725968 429.1143483 478.9706018 500.4055497 553.3261299 657.2940938 776.4137348 878.1887924 1003.641528 1075.984248 1203.311843 1499.387467 1611.703438 1701.965802 1737.843864 1938.487459 2519.842067 2503.840331 2599.590950 3028.919259 3011.659538 3390.604031 3529.679428 3682.114492 3926.542984 3956.104369 4017.088852 4187.631264 4688.231435 4834.197503 4935.430307 4927.057495 5249.180886 5428.912302 5687.891586 5826.876240 6064.911661 6296.806989 6411.274271 6622.526843 7028.803485 7323.897253 7643.731564 8168.923794 8729.678806 9575.482542 9760.534208 10497.05500 10902.71002 11379.42998 12505.63957 12644.64692 13492.55924 15083.59844 17350.76025 22508.08342 26166.33350 29271.70102 29454.71143 33384.81834 38011.39379 108078.9011 153090.4194 153745.6439
      sorted:	 -1.644020774e-06 0.09657112013 0.1205973484 0.1318172496 0.2475655937 2.061041485 15.63115193 40.54721506 40.64268498 78.58288774 143.5051949 152.1037602 162.0996183 167.4121208 170.0375483 171.3097075 171.3472991 171.7259762 171.7939206 171.8701481 171.9431356 172.0296959 172.1363191 172.1911871 172.2315438 172.7498090 179.8416194 209.4793065 265.6562565 271.4486451 313.5598284 349.5537399 362.9118069 377.5433753 382.4667220 413.6725968 429.1143483 478.9706018 500.4055497 553.3261299 657.2940938 776.4137348 878.1887924 1003.641528 1075.984248 1203.311843 1499.387467 1611.703438 1701.965802 1737.843864 1938.487459 2503.840331 2519.842067 2599.590950 3011.659538 3028.919259 3390.604031 3529.679428 3682.114492 3926.542984 3956.104369 4017.088852 4187.631264 4688.231435 4834.197503 4927.057495 4935.430307 5249.180886 5428.912302 5687.891586 5826.876240 6064.911661 6296.806989 6411.274271 6622.526843 7028.803485 7323.897253 7643.731564 8168.923794 8729.678806 9575.482542 9760.534208 10497.05500 10902.71002 11379.42998 12505.63957 12644.64692 13492.55924 15083.59844 17350.76025 22508.08342 26166.33350 29271.70102 29454.71143 33384.81834 38011.39379 108078.9011 153090.4194 153745.6439
