    unsorted:	 171.3472991 171.3367039 171.3599362 171.3031510 171.2303422 171.0868336 171.5801620 170.8839499 170.5237530 169.7565856 168.2603689 165.4147304 159.9636725 150.4407772 -7.320088087e-07 0.1777759943 0.1964822026 0.05299643884 0.5522348785 3.230044295 134.2729626 103.2910719 103.8550511 15.23870814 25.57444779 91.23480731 46.17274623 218.8080089 270.6361909 -77.98693084 366.3841631 463.3697752 476.6460685 814.5722104 1053.619762 1735.051623 1742.763328 1773.291681 1671.918758 1832.348835 1843.863027 1632.347191 1402.179926 1229.022209 1983.139942 2054.857533 2060.303290 2100.603842 2176.927088 2232.479282 2309.669816 2582.901915 2655.466359 2739.288057 2889.797373 3000.411576 3109.410076 3141.472703 3532.832447 3579.283446 3808.656851 4348.426409 4588.062165 5060.263658 5543.904112 5478.764715 5598.175831 5888.679114 5813.977179 6143.298148 6378.392216 7071.596581 6958.474866 7200.287677 7522.962232 7678.159995 7705.702722 7919.718754 8246.042497 8610.856336 9154.171217 9434.565258 10016.69388 10451.02210 10588.65084 10787.43881 11089.96866 11570.62438 11992.55135 12301.85099 13308.42807 13423.12434 19537.89685 21819.31645 24572.63906 26198.69532 33431.84194 39809.14114 -34376.99669 49801.56212 61057.08920 88656.52951 152146.6187 188486.4363
      sorted:	 -34376.99669 -77.98693084 -7.320088087e-07 0.05299643884 0.1777759943 0.1964822026 0.5522348785 3.230044295 15.23870814 25.57444779 46.17274623 91.23480731 103.2910719 103.8550511 134.2729626 150.4407772 159.9636725 165.4147304 168.2603689 169.7565856 170.5237530 170.8839499 171.0868336 171.2303422 171.3031510 171.3367039 171.3472991 171.3599362 171.5801620 218.8080089 270.6361909 366.3841631 463.3697752 476.6460685 814.5722104 1053.619762 1229.022209 1402.179926 1632.347191 1671.918758 1735.051623 1742.763328 1773.291681 1832.348835 1843.863027 1983.139942 2054.857533 2060.303290 2100.603842 2176.927088 2232.479282 2309.669816 2582.901915 2655.466359 2739.288057 2889.797373 3000.411576 3109.410076 3141.472703 3532.832447 3579.283446 3808.656851 4348.426409 4588.062165 5060.263658 5478.764715 5543.904112 5598.175831 5813.977179 5888.679114 6143.298148 6378.392216 6958.474866 7071.596581 7200.287677 7522.962232 7678.159995 7705.702722 7919.718754 8246.042497 8610.856336 9154.171217 9434.565258 10016.69388 10451.02210 10588.65084 10787.43881 11089.96866 11570.62438 11992.55135 12301.85099 13308.42807 13423.12434 19537.89685 21819.31645 24572.63906 26198.69532 33431.84194 39809.14114 49801.56212 61057.08920 88656.52951 152146.6187 188486.4363
