    unsorted:	 171.3472991 171.2000738 171.1879959 171.2208908 171.1649452 171.2497843 171.2594678 171.2810265 171.1448963 171.1268044 171.4945437 171.8839705 172.6764063 173.9883647 174.8093585 185.2949152 190.1961381 205.5687897 209.5651297 0.08279830281 0.08958655759 0.04040281339 0.02347659885 0.9650231295 3.611239624 5.250790475 119.8008993 16.12217655 19.02920680 34.04467531 251.2312628 263.8162172 309.0311688 348.5980050 429.7394853 481.8879391 518.3806582 559.4899557 672.0115613 890.8821356 921.0188491 973.5755613 1118.778820 1299.423295 1414.923049 1557.061052 1675.682257 1718.656014 1729.434812 1959.863189 1932.480275 2178.330978 2309.499915 2374.395949 2527.376548 2554.452615 2830.169751 2981.057013 2992.870317 3265.859291 3228.498236 3576.919910 3994.398385 4170.574003 4267.718233 4559.524368 5189.761243 5357.200564 5793.906357 6084.187343 6542.724770 6682.282020 6763.616449 7690.204656 9228.730169 9521.952733 10075.26472 11099.59715 11313.97963 12316.13480 12914.01583 14712.11496 15830.60229 19004.21334 26141.91246 40084.59371 50345.16099 94786.92598 121653.6224 191872.2178 5879184.695
      sorted:	 0.02347659885 0.04040281339 0.08279830281 0.08958655759 0.9650231295 3.611239624 5.250790475 16.12217655 19.02920680 34.04467531 119.8008993 171.1268044 171.1448963 171.1649452 171.1879959 171.2000738 171.2208908 171.2497843 171.2594678 171.2810265 171.3472991 171.4945437 171.8839705 172.6764063 173.9883647 174.8093585 185.2949152 190.1961381 205.5687897 209.5651297 251.2312628 263.8162172 309.0311688 348.5980050 429.7394853 481.8879391 518.3806582 559.4899557 672.0115613 890.8821356 921.0188491 973.5755613 1118.778820 1299.423295 1414.923049 1557.061052 1675.682257 1718.656014 1729.434812 1932.480275 1959.863189 2178.330978 2309.499915 2374.395949 2527.376548 2554.452615 2830.169751 2981.057013 2992.870317 3228.498236 3265.859291 3576.919910 3994.398385 4170.574003 4267.718233 4559.524368 5189.761243 5357.200564 5793.906357 6084.187343 6542.724770 6682.282020 6763.616449 7690.204656 9228.730169 9521.952733 10075.26472 11099.59715 11313.97963 12316.13480 12914.01583 14712.11496 15830.60229 19004.21334 26141.91246 40084.59371 50345.16099 94786.92598 121653.6224 191872.2178 5879184.695
