    unsorted:	 349.6883650 349.9672894 350.0430389 350.1399191 349.8942047 350.2591749 350.3852153 350.4398124 350.4749556 350.5668990 350.6308482 349.4855888 347.3335113 342.2691754 333.4276529 416.2991768 429.0911352 456.5816745 513.0228359 538.5813559 554.3154752 610.6308248 167.5788044 141.0124322 101.1465566 20.28770952 23.74182173 8.260598695 7.411844507 0.4429490197 40.99655674 660.1783213 736.7698704 756.6558384 815.4037179 817.6865019 923.3267397 1195.576185 1220.975372 1454.426995 1485.023272 1744.577400 1892.927483 1897.182420 1948.933676 2051.491118 2430.601902 2476.710404 2538.949541 2973.882212 3358.410941 3457.548235 3581.566382 3749.851431 3956.767432 4014.721623 4034.552710 4303.824195 4405.084242 4435.287351 4789.917303 4859.627049 5005.815441 5213.438531 5454.497431 5630.209685 6364.557785 6440.854608 6590.364652 6809.568181 6834.204406 7858.996246 7965.076277 8800.615958 9213.182900 10071.33124 10709.27030 11102.18624 11615.65916 11988.55292 12398.64340 12779.29595 14552.26127 16672.39292 26190.33887 31959.78065 41231.08205 70669.19701 101628.7131 153724.9680 174786.5240 480257.0231 73925477.13
      sorted:	 0.4429490197 7.411844507 8.260598695 20.28770952 23.74182173 40.99655674 101.1465566 141.0124322 167.5788044 333.4276529 342.2691754 347.3335113 349.4855888 349.6883650 349.8942047 349.9672894 350.0430389 350.1399191 350.2591749 350.3852153 350.4398124 350.4749556 350.5668990 350.6308482 416.2991768 429.0911352 456.5816745 513.0228359 538.5813559 554.3154752 610.6308248 660.1783213 736.7698704 756.6558384 815.4037179 817.6865019 923.3267397 1195.576185 1220.975372 1454.426995 1485.023272 1744.577400 1892.927483 1897.182420 1948.933676 2051.491118 2430.601902 2476.710404 2538.949541 2973.882212 3358.410941 3457.548235 3581.566382 3749.851431 3956.767432 4014.721623 4034.552710 4303.824195 4405.084242 4435.287351 4789.917303 4859.627049 5005.815441 5213.438531 5454.497431 5630.209685 6364.557785 6440.854608 6590.364652 6809.568181 6834.204406 7858.996246 7965.076277 8800.615958 9213.182900 10071.33124 10709.27030 11102.18624 11615.65916 11988.55292 12398.64340 12779.29595 14552.26127 16672.39292 26190.33887 31959.78065 41231.08205 70669.19701 101628.7131 153724.9680 174786.5240 480257.0231 73925477.13
