    unsorted:	 349.6883650 350.0612922 350.1468884 349.9869735 350.2601945 350.3553664 349.9209905 350.4381238 350.5667357 350.6686165 350.7495713 349.4537293 347.3925677 342.1708348 332.7930921 382.3323596 413.1860125 455.3956719 510.5524142 537.5957438 547.6883999 580.4003393 203.4842396 613.4965467 128.6241184 124.6624027 715.1705260 741.3546670 762.0728939 815.8934733 20.12714048 24.87333265 34.43619895 12.77631010 8.644571481 947.4928919 1200.233603 1233.811263 1435.158717 1508.400622 1767.664815 1739.698769 1900.486968 1962.564912 2074.943108 2414.444501 2496.597770 2529.796319 2984.270149 3186.374459 3407.641473 3685.435821 3810.201990 4091.034799 4054.245172 4357.689922 4441.701170 4509.757547 4812.908200 4910.774445 5090.803486 5232.822049 5418.176195 5716.018962 6421.686671 6516.132459 6647.936884 6862.766447 6934.768754 8010.595774 8063.560765 8843.345655 9044.388432 10557.41255 11057.25008 11505.95836 12162.92663 12406.86226 12856.61955 13934.38213 15537.88777 15866.34246 26192.16168 33747.25968 42510.57952 74264.26416 105233.4479 159788.5448 173324.7094 628306.0529 165236728.2
      sorted:	 8.644571481 12.77631010 20.12714048 24.87333265 34.43619895 124.6624027 128.6241184 203.4842396 332.7930921 342.1708348 347.3925677 349.4537293 349.6883650 349.9209905 349.9869735 350.0612922 350.1468884 350.2601945 350.3553664 350.4381238 350.5667357 350.6686165 350.7495713 382.3323596 413.1860125 455.3956719 510.5524142 537.5957438 547.6883999 580.4003393 613.4965467 715.1705260 741.3546670 762.0728939 815.8934733 947.4928919 1200.233603 1233.811263 1435.158717 1508.400622 1739.698769 1767.664815 1900.486968 1962.564912 2074.943108 2414.444501 2496.597770 2529.796319 2984.270149 3186.374459 3407.641473 3685.435821 3810.201990 4054.245172 4091.034799 4357.689922 4441.701170 4509.757547 4812.908200 4910.774445 5090.803486 5232.822049 5418.176195 5716.018962 6421.686671 6516.132459 6647.936884 6862.766447 6934.768754 8010.595774 8063.560765 8843.345655 9044.388432 10557.41255 11057.25008 11505.95836 12162.92663 12406.86226 12856.61955 13934.38213 15537.88777 15866.34246 26192.16168 33747.25968 42510.57952 74264.26416 105233.4479 159788.5448 173324.7094 628306.0529 165236728.2
