    unsorted:	 349.6883650 350.6599298 350.5994387 350.5135064 350.7463281 350.7856955 350.3809248 350.2726193 350.1837874 349.9628974 351.5782841 348.4098854 345.0038692 360.3084634 338.3116979 327.3541560 414.9541823 419.0465063 467.9439779 484.5806240 530.5169286 510.2406723 543.4995434 561.9067391 601.9901041 694.7448370 738.0453845 754.4541676 144.4345800 125.9162723 1.208610952e-06 45.37982140 13.88719014 2.908507971 916.7144799 880.9647422 971.8644786 1005.441665 1117.843204 1111.259896 1202.785112 1382.272791 1528.710254 1629.850766 1685.751699 1721.424043 1809.930276 1801.410293 2051.484850 2278.833101 2259.822177 2510.810158 2528.121472 2478.771385 2565.084476 2622.683417 2976.193948 3014.702761 3130.051315 3338.571882 3450.319631 3592.388584 3802.132030 3993.895101 4332.917050 4358.428722 4503.963296 4782.720929 4939.232197 5032.149230 5376.375298 5795.779847 6256.021939 6881.220318 7490.597460 8115.967567 8465.296804 8616.129299 9299.141055 9328.496911 10173.20775 19792.82339 23021.45416 26184.42528 33294.53202 35905.02824 36664.29227 58091.34944 75311.88097 154498.4237
      sorted:	 1.208610952e-06 2.908507971 13.88719014 45.37982140 125.9162723 144.4345800 327.3541560 338.3116979 345.0038692 348.4098854 349.6883650 349.9628974 350.1837874 350.2726193 350.3809248 350.5135064 350.5994387 350.6599298 350.7463281 350.7856955 351.5782841 360.3084634 414.9541823 419.0465063 467.9439779 484.5806240 510.2406723 530.5169286 543.4995434 561.9067391 601.9901041 694.7448370 738.0453845 754.4541676 880.9647422 916.7144799 971.8644786 1005.441665 1111.259896 1117.843204 1202.785112 1382.272791 1528.710254 1629.850766 1685.751699 1721.424043 1801.410293 1809.930276 2051.484850 2259.822177 2278.833101 2478.771385 2510.810158 2528.121472 2565.084476 2622.683417 2976.193948 3014.702761 3130.051315 3338.571882 3450.319631 3592.388584 3802.132030 3993.895101 4332.917050 4358.428722 4503.963296 4782.720929 4939.232197 5032.149230 5376.375298 5795.779847 6256.021939 6881.220318 7490.597460 8115.967567 8465.296804 8616.129299 9299.141055 9328.496911 10173.20775 19792.82339 23021.45416 26184.42528 33294.53202 35905.02824 36664.29227 58091.34944 75311.88097 154498.4237
