    unsorted:	 349.6883650 350.0857155 346.9753978 341.9117459 333.5124054 413.6078508 529.5105079 544.8561849 509.5793780 460.7229846 569.0719395 606.3097464 633.9393947 699.4722540 723.2483499 744.5247424 754.8683866 786.1434392 261.6672115 185.5647945 155.6655590 93.97372594 61.92244241 15.53514813 16.57272541 0.4126938437 5.097860618 926.1154818 1042.185753 1174.934742 1313.033018 1400.667899 1594.697143 1737.035745 1797.397512 1871.190587 1948.539314 2213.045497 2415.224580 2491.170847 2757.212838 2860.686120 2960.031188 2993.519761 3280.240133 3413.047772 3495.425956 3665.581312 3904.085617 3994.639100 4142.167989 4306.583447 4366.355715 4534.915003 4584.083642 4652.915579 5020.577635 5350.924388 5416.819933 5846.850993 6007.760398 6162.888600 6354.085181 6966.959147 7271.693022 7952.001784 8484.762913 9236.982830 9674.351622 9925.308654 10102.86037 10691.32820 10892.07557 11517.81892 12012.19388 18746.04743 27646.42615 33284.30081 34095.54114 39107.19637 48759.39281 68643.07130 87678.93096 95171.86939 184507.7606 37596088.94
      sorted:	 0.4126938437 5.097860618 15.53514813 16.57272541 61.92244241 93.97372594 155.6655590 185.5647945 261.6672115 333.5124054 341.9117459 346.9753978 349.6883650 350.0857155 413.6078508 460.7229846 509.5793780 529.5105079 544.8561849 569.0719395 606.3097464 633.9393947 699.4722540 723.2483499 744.5247424 754.8683866 786.1434392 926.1154818 1042.185753 1174.934742 1313.033018 1400.667899 1594.697143 1737.035745 1797.397512 1871.190587 1948.539314 2213.045497 2415.224580 2491.170847 2757.212838 2860.686120 2960.031188 2993.519761 3280.240133 3413.047772 3495.425956 3665.581312 3904.085617 3994.639100 4142.167989 4306.583447 4366.355715 4534.915003 4584.083642 4652.915579 5020.577635 5350.924388 5416.819933 5846.850993 6007.760398 6162.888600 6354.085181 6966.959147 7271.693022 7952.001784 8484.762913 9236.982830 9674.351622 9925.308654 10102.86037 10691.32820 10892.07557 11517.81892 12012.19388 18746.04743 27646.42615 33284.30081 34095.54114 39107.19637 48759.39281 68643.07130 87678.93096 95171.86939 184507.7606 37596088.94
