    unsorted:	 171.3472991 171.2864112 171.2610172 171.2672600 171.2303635 171.2154064 171.1988377 171.1762705 171.1576953 171.1456250 171.5074405 171.8500685 172.5929941 173.8536078 174.6110148 185.3292207 190.5734652 205.5603085 209.6004482 0.08215511527 0.08889410473 0.03957537005 0.02357805321 1.334798681 3.550227804 5.199627434 115.2733786 15.02255777 19.28890077 32.28255314 236.0667103 263.3180416 309.2048308 348.5887402 429.3818084 477.9179609 519.2410119 560.0866445 671.4905300 882.7961968 917.3290894 972.4427769 1117.461907 1298.205341 1386.122799 1555.224271 1671.110697 1711.219488 1724.054884 1961.615874 1930.956769 2175.576972 2305.356179 2336.103957 2527.088749 2556.010325 2834.905086 2982.638933 2990.450048 3270.434496 3217.898241 3584.730345 4000.503767 4176.307146 4260.449514 4567.194815 5166.444963 5365.952812 5792.476533 6084.686154 6507.794169 6656.848962 6764.895545 7708.516097 9255.430363 9553.066077 10060.03692 11119.39822 11345.95456 12351.01022 12833.77035 14712.07085 15913.69516 19161.58620 26143.40168 40268.20556 50575.22261 94943.65185 122139.7060 192359.0310 5998888.239
      sorted:	 0.02357805321 0.03957537005 0.08215511527 0.08889410473 1.334798681 3.550227804 5.199627434 15.02255777 19.28890077 32.28255314 115.2733786 171.1456250 171.1576953 171.1762705 171.1988377 171.2154064 171.2303635 171.2610172 171.2672600 171.2864112 171.3472991 171.5074405 171.8500685 172.5929941 173.8536078 174.6110148 185.3292207 190.5734652 205.5603085 209.6004482 236.0667103 263.3180416 309.2048308 348.5887402 429.3818084 477.9179609 519.2410119 560.0866445 671.4905300 882.7961968 917.3290894 972.4427769 1117.461907 1298.205341 1386.122799 1555.224271 1671.110697 1711.219488 1724.054884 1930.956769 1961.615874 2175.576972 2305.356179 2336.103957 2527.088749 2556.010325 2834.905086 2982.638933 2990.450048 3217.898241 3270.434496 3584.730345 4000.503767 4176.307146 4260.449514 4567.194815 5166.444963 5365.952812 5792.476533 6084.686154 6507.794169 6656.848962 6764.895545 7708.516097 9255.430363 9553.066077 10060.03692 11119.39822 11345.95456 12351.01022 12833.77035 14712.07085 15913.69516 19161.58620 26143.40168 40268.20556 50575.22261 94943.65185 122139.7060 192359.0310 5998888.239
