    unsorted:	 349.6883650 350.4162826 350.4613300 350.3356936 350.5446855 350.6023093 350.2126262 350.1062637 350.0229967 349.9544328 350.7988950 349.5864419 347.3201880 342.1836315 333.2918531 413.0784822 461.9239979 260.3506614 514.1686547 530.6345753 542.7303387 606.7007373 597.1940304 179.2632175 717.0291181 726.4316527 776.0820258 813.2816164 96.41146233 73.52945399 57.09388167 0.3278767222 4.466913058 7.079983493 16.73241440 906.1560644 1068.573429 1183.646707 1207.495878 1427.690403 1452.526872 1703.192668 1788.064007 1868.817405 1911.575001 1998.910339 2241.910758 2322.177800 2499.373905 2717.957318 2860.821365 3359.876808 3466.298764 3531.851828 3850.281509 3967.536172 4068.221315 4088.011139 4322.509385 4435.494976 4715.655291 4739.170451 4913.645251 5067.729140 5130.596752 5449.346212 5562.171544 5712.382154 6322.490354 6360.116298 6650.792097 6754.918774 7734.377469 7887.441695 8679.774301 8824.402340 9814.854356 9899.785629 10127.65141 10416.71960 10873.12496 11485.41003 11763.49661 11944.55579 12638.70451 14300.50994 18443.50901 26188.15648 29515.13955 38874.72848 61297.93624 73969.83703 94959.04174 137076.6950 265341.0708 616205.9342 922936.6669
      sorted:	 0.3278767222 4.466913058 7.079983493 16.73241440 57.09388167 73.52945399 96.41146233 179.2632175 260.3506614 333.2918531 342.1836315 347.3201880 349.5864419 349.6883650 349.9544328 350.0229967 350.1062637 350.2126262 350.3356936 350.4162826 350.4613300 350.5446855 350.6023093 350.7988950 413.0784822 461.9239979 514.1686547 530.6345753 542.7303387 597.1940304 606.7007373 717.0291181 726.4316527 776.0820258 813.2816164 906.1560644 1068.573429 1183.646707 1207.495878 1427.690403 1452.526872 1703.192668 1788.064007 1868.817405 1911.575001 1998.910339 2241.910758 2322.177800 2499.373905 2717.957318 2860.821365 3359.876808 3466.298764 3531.851828 3850.281509 3967.536172 4068.221315 4088.011139 4322.509385 4435.494976 4715.655291 4739.170451 4913.645251 5067.729140 5130.596752 5449.346212 5562.171544 5712.382154 6322.490354 6360.116298 6650.792097 6754.918774 7734.377469 7887.441695 8679.774301 8824.402340 9814.854356 9899.785629 10127.65141 10416.71960 10873.12496 11485.41003 11763.49661 11944.55579 12638.70451 14300.50994 18443.50901 26188.15648 29515.13955 38874.72848 61297.93624 73969.83703 94959.04174 137076.6950 265341.0708 616205.9342 922936.6669
