    unsorted:	 349.6883650 349.9672892 350.0430386 350.1399187 349.8942041 350.2591745 350.3852148 350.4398115 350.4749553 350.5668984 350.6308475 349.4855852 347.3335066 342.2691684 333.4276419 416.2991756 429.0911333 456.5816765 513.0228438 538.5813605 554.3154836 610.6308338 167.5788058 141.0124275 101.1465552 20.28770459 23.74182022 8.260598751 7.411843708 0.4429238062 40.99655882 660.1783174 736.7698819 756.6558444 815.4037255 817.6864940 923.3267456 1195.576187 1220.975379 1454.427004 1485.023282 1744.577398 1892.927484 1897.182395 1948.933687 2051.491120 2430.601901 2476.710401 2538.949543 2973.882218 3358.410928 3457.548236 3581.566401 3749.851435 3956.767441 4014.721663 4034.552724 4303.824227 4405.084248 4435.287343 4789.917304 4859.627059 5005.815453 5213.438532 5454.497439 5630.209687 6364.557790 6440.854615 6590.364655 6809.568187 6834.204420 7858.996256 7965.076281 8800.615963 9213.182788 10071.33127 10709.27032 11102.18626 11615.65918 11988.55293 12398.64335 12779.29598 14552.26130 16672.39276 26190.33887 31959.78072 41231.08218 70669.19729 101628.7131 153724.9684 174786.5234 480257.0381 73925473.25
      sorted:	 0.4429238062 7.411843708 8.260598751 20.28770459 23.74182022 40.99655882 101.1465552 141.0124275 167.5788058 333.4276419 342.2691684 347.3335066 349.4855852 349.6883650 349.8942041 349.9672892 350.0430386 350.1399187 350.2591745 350.3852148 350.4398115 350.4749553 350.5668984 350.6308475 416.2991756 429.0911333 456.5816765 513.0228438 538.5813605 554.3154836 610.6308338 660.1783174 736.7698819 756.6558444 815.4037255 817.6864940 923.3267456 1195.576187 1220.975379 1454.427004 1485.023282 1744.577398 1892.927484 1897.182395 1948.933687 2051.491120 2430.601901 2476.710401 2538.949543 2973.882218 3358.410928 3457.548236 3581.566401 3749.851435 3956.767441 4014.721663 4034.552724 4303.824227 4405.084248 4435.287343 4789.917304 4859.627059 5005.815453 5213.438532 5454.497439 5630.209687 6364.557790 6440.854615 6590.364655 6809.568187 6834.204420 7858.996256 7965.076281 8800.615963 9213.182788 10071.33127 10709.27032 11102.18626 11615.65918 11988.55293 12398.64335 12779.29598 14552.26130 16672.39276 26190.33887 31959.78072 41231.08218 70669.19729 101628.7131 153724.9684 174786.5234 480257.0381 73925473.25
