    unsorted:	 349.6883650 350.5703020 350.5265704 350.6131630 350.4076081 350.2925667 350.1989567 350.1196708 350.0704618 350.7184610 351.3700772 348.7861262 345.8789399 340.0384297 330.4714943 406.7548637 405.0689199 427.0616471 474.9943600 520.8284528 538.7995037 553.5791520 575.9442985 613.2612774 144.0793891 132.6792769 114.5658031 -1.168731855e-06 704.9120794 13.64476739 21.48770234 0.4433329348 2.966060351 748.6721971 766.6663590 932.4786155 1020.234653 1126.385640 1216.397998 1396.337688 1429.608398 1699.507404 1741.740369 1829.527194 1931.966547 1941.987458 2084.507340 2522.673136 2554.108973 2451.914606 2642.120702 3118.381668 3279.945473 3523.800110 3583.277989 3728.600947 3901.241091 4126.108411 4171.082222 4263.000629 4522.762760 4471.499982 4739.099641 4878.644006 5135.110113 5307.610765 5792.172529 5959.708995 6184.154773 6237.443330 6599.298464 6865.676997 7251.801009 7782.836895 8587.949576 8958.258522 9407.644860 9355.566921 9960.175600 10108.95167 10193.66845 10818.46287 11568.89036 19862.43500 21941.20232 26182.85694 33194.84494 36895.36456 73160.90999 88873.58575 152850.2649 176330.7863 76995461.39
      sorted:	 -1.168731855e-06 0.4433329348 2.966060351 13.64476739 21.48770234 114.5658031 132.6792769 144.0793891 330.4714943 340.0384297 345.8789399 348.7861262 349.6883650 350.0704618 350.1196708 350.1989567 350.2925667 350.4076081 350.5265704 350.5703020 350.6131630 350.7184610 351.3700772 405.0689199 406.7548637 427.0616471 474.9943600 520.8284528 538.7995037 553.5791520 575.9442985 613.2612774 704.9120794 748.6721971 766.6663590 932.4786155 1020.234653 1126.385640 1216.397998 1396.337688 1429.608398 1699.507404 1741.740369 1829.527194 1931.966547 1941.987458 2084.507340 2451.914606 2522.673136 2554.108973 2642.120702 3118.381668 3279.945473 3523.800110 3583.277989 3728.600947 3901.241091 4126.108411 4171.082222 4263.000629 4471.499982 4522.762760 4739.099641 4878.644006 5135.110113 5307.610765 5792.172529 5959.708995 6184.154773 6237.443330 6599.298464 6865.676997 7251.801009 7782.836895 8587.949576 8958.258522 9355.566921 9407.644860 9960.175600 10108.95167 10193.66845 10818.46287 11568.89036 19862.43500 21941.20232 26182.85694 33194.84494 36895.36456 73160.90999 88873.58575 152850.2649 176330.7863 76995461.39
