    unsorted:	 349.6883650 0.2910136379 0.3026864584 1.253467904e-06 0.2333377427 0.8464571317 344.8703366 348.3076470 339.4901205 336.3716865 330.8968924 322.3124873 402.3994212 385.2393155 422.2509750 450.4154391 457.4664154 465.7127266 511.9552832 516.9330802 504.8305494 18.95984191 21.52133479 578.3784038 582.8709373 119.8649065 128.1974853 142.8007250 101.4955718 654.0364520 721.4657984 744.5788822 822.0833716 907.7228590 973.9880290 1104.931962 1228.053702 1399.819372 1491.499125 1606.448485 1668.017272 1805.368113 1831.535162 1867.725787 1942.169993 2336.661687 2470.879907 2536.437132 2616.665950 2886.656461 3188.821083 3627.436456 3654.070000 3747.345732 3819.752745 3945.883630 4028.075492 4093.246028 4199.124942 4453.352301 4657.679185 4745.426321 4823.387726 5189.833361 5465.275604 5562.819285 5711.136883 5848.165142 6033.695194 6116.976960 6450.268372 6930.732105 6985.452234 7882.420668 8176.230903 8357.870520 8953.071933 9316.026379 9407.698038 9984.893813 10225.45495 10660.49095 12993.34763 19861.43690 20109.64467 23184.31344 27741.52822 33289.74314 33481.89846 37445.84621 62623.73406 61909.27865 74362.88146 75276.87118 134394.6560 161152.9939 533313.0477
      sorted:	 1.253467904e-06 0.2333377427 0.2910136379 0.3026864584 0.8464571317 18.95984191 21.52133479 101.4955718 119.8649065 128.1974853 142.8007250 322.3124873 330.8968924 336.3716865 339.4901205 344.8703366 348.3076470 349.6883650 385.2393155 402.3994212 422.2509750 450.4154391 457.4664154 465.7127266 504.8305494 511.9552832 516.9330802 578.3784038 582.8709373 654.0364520 721.4657984 744.5788822 822.0833716 907.7228590 973.9880290 1104.931962 1228.053702 1399.819372 1491.499125 1606.448485 1668.017272 1805.368113 1831.535162 1867.725787 1942.169993 2336.661687 2470.879907 2536.437132 2616.665950 2886.656461 3188.821083 3627.436456 3654.070000 3747.345732 3819.752745 3945.883630 4028.075492 4093.246028 4199.124942 4453.352301 4657.679185 4745.426321 4823.387726 5189.833361 5465.275604 5562.819285 5711.136883 5848.165142 6033.695194 6116.976960 6450.268372 6930.732105 6985.452234 7882.420668 8176.230903 8357.870520 8953.071933 9316.026379 9407.698038 9984.893813 10225.45495 10660.49095 12993.34763 19861.43690 20109.64467 23184.31344 27741.52822 33289.74314 33481.89846 37445.84621 61909.27865 62623.73406 74362.88146 75276.87118 134394.6560 161152.9939 533313.0477
