    unsorted:	 349.6883650 346.9961030 345.3823896 342.5671071 350.8943137 335.3378702 402.4073202 515.7892166 517.6245207 508.1480279 472.2752297 452.0867396 586.5727365 583.6892692 604.4955449 680.4442097 731.0917755 756.8757202 231.7125983 0.4051075918 0.1337689808 2.086586005 15.95770336 23.17154957 77.59830148 105.0353249 128.1956246 842.9914459 927.7604027 1001.489837 1177.474662 1278.392031 1498.092732 1560.055852 1596.702875 1713.688984 1782.820653 1871.639948 1928.262198 2049.034402 2392.749996 2458.691333 2603.816919 2691.816183 2893.910918 3140.690829 3368.637822 3665.759969 3633.082203 3595.198370 4050.808122 3984.698191 4127.116831 4423.729132 4477.317398 4645.796692 4732.575407 5103.883028 5425.397576 5582.448015 5886.535743 5997.640805 6141.166092 6314.300916 7040.309127 7183.172457 8062.817196 8227.285156 8556.551641 9179.151459 9338.589247 9742.975972 10213.38312 10324.77595 10700.00052 10988.99417 11959.06960 16600.48278 19224.59214 26679.23022 27594.41029 29555.70850 33289.90212 33133.50623 39305.79861 59263.16725 59427.30822 65093.83378 70128.08317 81385.35296 131749.7738 17045437.87 21473166.52
      sorted:	 0.1337689808 0.4051075918 2.086586005 15.95770336 23.17154957 77.59830148 105.0353249 128.1956246 231.7125983 335.3378702 342.5671071 345.3823896 346.9961030 349.6883650 350.8943137 402.4073202 452.0867396 472.2752297 508.1480279 515.7892166 517.6245207 583.6892692 586.5727365 604.4955449 680.4442097 731.0917755 756.8757202 842.9914459 927.7604027 1001.489837 1177.474662 1278.392031 1498.092732 1560.055852 1596.702875 1713.688984 1782.820653 1871.639948 1928.262198 2049.034402 2392.749996 2458.691333 2603.816919 2691.816183 2893.910918 3140.690829 3368.637822 3595.198370 3633.082203 3665.759969 3984.698191 4050.808122 4127.116831 4423.729132 4477.317398 4645.796692 4732.575407 5103.883028 5425.397576 5582.448015 5886.535743 5997.640805 6141.166092 6314.300916 7040.309127 7183.172457 8062.817196 8227.285156 8556.551641 9179.151459 9338.589247 9742.975972 10213.38312 10324.77595 10700.00052 10988.99417 11959.06960 16600.48278 19224.59214 26679.23022 27594.41029 29555.70850 33133.50623 33289.90212 39305.79861 59263.16725 59427.30822 65093.83378 70128.08317 81385.35296 131749.7738 17045437.87 21473166.52
