    unsorted:	 349.6883650 349.2687723 346.9108895 341.1902990 330.7083666 337.9921421 428.9178260 463.6129500 474.4519757 540.3693215 528.7567662 517.4493625 548.6740075 618.5854296 634.9072808 707.3665584 733.6241249 0.4084229463 0.3041559921 4.530451290 5.744691818 8.974267565 12.80121286 31.99219403 51.61466062 148.0385200 124.2415219 106.7134664 227.4414815 811.7021260 830.5810877 995.7125845 1053.165658 1280.094936 1490.525518 1419.602396 1643.756969 1862.645672 1898.632597 1930.496333 2023.362210 2088.985276 2250.814040 2399.677741 2484.482412 2642.806927 3242.872496 3487.143121 3594.576077 3574.567638 3669.308488 3990.880680 4063.419945 4119.097454 4214.452073 4431.482273 4570.035434 4662.755462 4740.593929 4945.816752 5241.040379 5600.132061 5937.912021 6211.870240 6365.992665 6543.851224 7002.799475 7437.799228 7453.014924 8026.571772 8530.624938 9596.656737 9978.950972 10284.98408 10667.14972 10973.80160 11368.40471 11716.39978 11811.66045 12145.47511 13385.88895 25164.32829 33284.70348 33742.33776 39476.68454 52784.93693 68177.04735 79048.66688 86617.08996 137365.7262 346552.5530 469192.1728 37333926.28
      sorted:	 0.3041559921 0.4084229463 4.530451290 5.744691818 8.974267565 12.80121286 31.99219403 51.61466062 106.7134664 124.2415219 148.0385200 227.4414815 330.7083666 337.9921421 341.1902990 346.9108895 349.2687723 349.6883650 428.9178260 463.6129500 474.4519757 517.4493625 528.7567662 540.3693215 548.6740075 618.5854296 634.9072808 707.3665584 733.6241249 811.7021260 830.5810877 995.7125845 1053.165658 1280.094936 1419.602396 1490.525518 1643.756969 1862.645672 1898.632597 1930.496333 2023.362210 2088.985276 2250.814040 2399.677741 2484.482412 2642.806927 3242.872496 3487.143121 3574.567638 3594.576077 3669.308488 3990.880680 4063.419945 4119.097454 4214.452073 4431.482273 4570.035434 4662.755462 4740.593929 4945.816752 5241.040379 5600.132061 5937.912021 6211.870240 6365.992665 6543.851224 7002.799475 7437.799228 7453.014924 8026.571772 8530.624938 9596.656737 9978.950972 10284.98408 10667.14972 10973.80160 11368.40471 11716.39978 11811.66045 12145.47511 13385.88895 25164.32829 33284.70348 33742.33776 39476.68454 52784.93693 68177.04735 79048.66688 86617.08996 137365.7262 346552.5530 469192.1728 37333926.28
