    unsorted:	 349.6883650 0.3409663861 0.3999213817 0.4295431249 0.09662288240 3.462080581 9.981776115 21.92419763 349.5103488 346.2696950 340.4335426 330.8180672 359.6489405 425.1724186 424.3408866 440.8819825 472.9731112 524.5135350 532.1003056 538.4244835 509.7200680 37.42389520 109.3751933 88.56432255 82.19472126 137.9833736 152.8968115 247.6054362 605.0713720 608.6700585 660.7398655 744.4075278 772.4732291 810.3480994 940.6500766 972.4435331 1068.353714 1178.128908 1288.295942 1460.379944 1512.403914 1565.124380 1730.641685 1826.761778 1895.008505 1901.748064 1971.269178 2076.388259 2434.385761 2557.352347 2762.505635 2908.806863 3360.969632 3515.090371 3684.657996 3836.268740 4128.393414 4101.939726 4232.068625 4383.452354 4439.854798 4719.147703 5035.811828 5263.833489 5394.502222 5628.388084 5913.911431 6113.122648 6240.277483 6950.986403 7034.513409 7908.163598 8085.158476 8187.976285 8606.380297 8938.487045 9326.356908 9573.668210 9734.310716 10170.89334 10380.72914 10813.97595 11650.12583 13487.49342 18475.92229 19239.98754 24148.76767 30400.51323 33284.37091 37473.41195 56780.04318 62604.89379 75874.37024 89399.34818 193324.1530 318701.3529 18479933.05
      sorted:	 0.09662288240 0.3409663861 0.3999213817 0.4295431249 3.462080581 9.981776115 21.92419763 37.42389520 82.19472126 88.56432255 109.3751933 137.9833736 152.8968115 247.6054362 330.8180672 340.4335426 346.2696950 349.5103488 349.6883650 359.6489405 424.3408866 425.1724186 440.8819825 472.9731112 509.7200680 524.5135350 532.1003056 538.4244835 605.0713720 608.6700585 660.7398655 744.4075278 772.4732291 810.3480994 940.6500766 972.4435331 1068.353714 1178.128908 1288.295942 1460.379944 1512.403914 1565.124380 1730.641685 1826.761778 1895.008505 1901.748064 1971.269178 2076.388259 2434.385761 2557.352347 2762.505635 2908.806863 3360.969632 3515.090371 3684.657996 3836.268740 4101.939726 4128.393414 4232.068625 4383.452354 4439.854798 4719.147703 5035.811828 5263.833489 5394.502222 5628.388084 5913.911431 6113.122648 6240.277483 6950.986403 7034.513409 7908.163598 8085.158476 8187.976285 8606.380297 8938.487045 9326.356908 9573.668210 9734.310716 10170.89334 10380.72914 10813.97595 11650.12583 13487.49342 18475.92229 19239.98754 24148.76767 30400.51323 33284.37091 37473.41195 56780.04318 62604.89379 75874.37024 89399.34818 193324.1530 318701.3529 18479933.05
